1000 3000 
54 915 828 
303 632 786 
231 12 1568 
351 308 3340 
930 217 6480 
704 700 91 
441 927 1033 
330 683 5765 
616 962 9274 
276 39 4924 
541 444 7838 
369 747 1470 
506 329 9481 
425 679 1140 
764 960 6708 
243 664 3760 
333 456 7686 
717 137 7721 
833 752 5682 
107 380 9720 
382 920 7164 
220 640 1262 
41 145 1942 
873 570 4973 
365 685 6932 
424 928 3595 
183 612 3402 
869 681 6539 
941 513 1290 
622 971 3669 
694 353 2941 
209 572 3580 
822 964 2725 
763 188 4646 
87 552 6330 
19 976 609 
965 158 7573 
367 378 8253 
905 318 4765 
546 292 2736 
215 337 3440 
155 545 8363 
86 718 5326 
162 832 6513 
807 919 9417 
489 937 4392 
449 253 7901 
21 619 7631 
273 523 4948 
390 69 4591 
477 635 9927 
268 141 823 
630 226 4892 
955 388 7724 
819 546 642 
235 386 6930 
978 835 182 
879 207 3801 
509 480 675 
808 221 2095 
751 49 8081 
29 316 1573 
852 945 9799 
95 251 4538 
818 421 435 
811 656 3821 
740 985 8007 
274 215 4213 
426 75 7044 
100 883 1264 
547 985 8664 
627 13 6331 
552 216 2627 
702 311 2877 
239 128 6298 
25 291 2305 
197 382 5289 
203 655 5856 
416 80 8930 
459 532 2164 
75 78 148 
738 56 9161 
69 607 6376 
47 660 6686 
924 250 4166 
573 275 5808 
229 471 2189 
869 674 9844 
724 89 8923 
654 547 6454 
817 973 883 
965 711 291 
125 131 6249 
852 177 4909 
890 452 7158 
407 376 3432 
214 604 255 
402 825 2928 
245 548 8368 
520 201 7266 
325 370 7239 
208 334 3301 
850 810 1783 
98 13 5311 
358 902 3115 
516 308 1490 
299 521 5446 
905 275 270 
184 519 8169 
551 390 1722 
169 715 3091 
759 274 8776 
59 123 7937 
193 572 3301 
503 930 5203 
617 797 6862 
459 447 7735 
256 352 9 
877 535 9879 
45 438 6269 
118 606 1983 
560 716 4256 
687 126 9730 
623 318 8301 
924 820 7582 
478 789 8378 
691 599 6825 
425 854 9528 
785 730 3062 
664 126 4851 
284 596 5808 
266 155 9523 
873 842 5648 
602 816 5965 
902 91 2137 
484 920 7277 
213 611 2875 
37 35 7080 
916 820 161 
638 180 3118 
233 988 3735 
740 510 8607 
581 510 3208 
748 826 2461 
839 314 9296 
758 590 4509 
368 816 2897 
755 247 813 
926 759 8142 
760 397 321 
229 981 8308 
963 720 2170 
569 652 1679 
128 400 9856 
588 238 170 
884 347 7759 
392 715 927 
640 469 1173 
452 746 4284 
593 505 7680 
914 733 5660 
573 695 732 
742 615 2383 
772 742 6782 
628 681 1019 
797 564 7366 
907 307 7432 
833 947 6252 
358 398 4997 
641 343 853 
672 256 585 
683 180 631 
414 922 9597 
797 45 4338 
578 672 18 
949 820 5934 
666 727 6592 
449 911 8538 
700 620 5288 
48 612 8630 
900 635 5237 
836 318 3416 
818 731 1689 
414 879 8086 
103 457 6109 
472 757 5929 
757 774 8007 
349 222 3269 
886 273 9241 
525 320 3852 
506 571 7487 
742 758 2156 
510 575 5886 
550 340 3765 
635 794 2573 
96 265 9681 
24 22 2454 
382 722 4675 
650 959 8947 
242 484 6618 
94 989 2188 
932 83 8945 
87 944 3871 
324 493 210 
440 480 1355 
12 927 4619 
44 950 4992 
497 683 9065 
523 684 9024 
821 926 6507 
438 371 2847 
977 302 6929 
273 740 1224 
143 63 1069 
704 503 4548 
58 866 474 
29 910 4775 
372 758 1809 
437 281 8492 
812 101 417 
318 891 4139 
516 219 4440 
797 492 6179 
20 986 1594 
88 42 4448 
987 451 7313 
812 831 2574 
586 203 6332 
746 991 9612 
238 802 4064 
6 471 6306 
145 338 8525 
936 134 2368 
467 506 1705 
60 593 6746 
507 580 5197 
171 743 4379 
745 681 6581 
76 426 9923 
39 15 7076 
454 21 898 
760 517 4236 
636 452 369 
3 918 6874 
707 329 4819 
453 187 8750 
1 358 5492 
379 102 6172 
312 177 2598 
586 567 5964 
662 20 3984 
559 779 3500 
794 414 5304 
515 768 5573 
740 475 5902 
558 279 7088 
659 631 2797 
151 361 2898 
674 24 6426 
623 610 2992 
587 623 9364 
570 181 5494 
422 327 6260 
77 193 4027 
1 932 6853 
902 842 1483 
342 500 3113 
490 650 8826 
388 676 8849 
813 298 5810 
157 884 432 
520 806 9965 
365 579 8643 
624 7 6835 
651 7 7766 
855 261 2607 
338 954 6459 
802 443 8460 
627 182 1135 
828 347 9785 
637 503 4020 
421 374 4177 
385 738 107 
27 714 7113 
861 364 3472 
978 218 8732 
937 907 9037 
747 709 4479 
206 335 7013 
693 514 359 
477 151 3861 
496 923 9586 
673 307 6675 
779 685 1388 
244 897 4103 
67 226 1673 
798 514 5579 
186 260 5287 
16 466 5974 
28 158 6487 
386 634 8989 
598 481 3911 
183 505 7569 
210 636 8605 
597 879 3853 
52 945 1079 
724 94 5592 
302 631 3852 
941 646 669 
266 674 826 
104 59 6811 
93 9 2643 
355 191 6148 
276 752 3783 
232 701 9013 
85 752 5309 
163 475 7754 
106 128 5384 
309 420 9029 
977 685 5702 
154 789 2113 
316 233 2121 
959 939 1663 
106 566 7415 
240 798 3467 
252 882 1218 
912 396 5044 
665 853 523 
48 162 2943 
76 490 979 
130 996 1119 
242 311 2351 
714 621 1290 
728 78 8207 
494 317 9004 
960 920 237 
529 831 6632 
572 495 2837 
447 894 6350 
741 970 7839 
719 451 7186 
838 44 8497 
540 757 3469 
181 484 5547 
388 978 4863 
391 289 3135 
628 818 2965 
611 741 4812 
447 187 7705 
796 927 7026 
987 998 8476 
172 835 519 
20 726 1627 
489 907 3463 
35 294 9792 
249 36 4080 
383 15 249 
700 626 6990 
863 424 7528 
567 572 8455 
593 910 3452 
420 433 3638 
291 453 1363 
917 293 621 
731 679 6914 
522 927 1950 
954 662 2316 
202 713 1941 
191 575 2717 
719 493 4640 
525 437 1901 
328 857 5333 
317 499 9785 
31 415 5077 
652 146 6755 
917 19 6034 
866 972 6047 
534 174 9759 
826 716 4685 
542 786 2177 
533 310 5614 
433 989 9822 
766 305 5320 
902 336 86 
979 339 7583 
85 255 7602 
470 473 6925 
516 6 9450 
626 831 2166 
310 725 5303 
839 257 965 
804 42 8953 
625 807 5610 
296 708 2297 
381 38 9635 
964 475 889 
917 944 4361 
841 812 2366 
291 789 9549 
808 99 2273 
462 289 1529 
426 92 5570 
379 68 9728 
340 363 3788 
636 95 2825 
270 58 2651 
510 326 2947 
871 519 9758 
588 809 5546 
136 968 4996 
760 429 284 
289 207 9727 
210 937 6794 
290 276 9508 
77 911 1603 
253 532 7012 
904 41 3338 
850 911 3856 
959 851 8016 
504 338 4335 
852 98 8115 
135 386 321 
214 947 6257 
7 236 1532 
867 664 4794 
469 917 9325 
480 820 2366 
817 669 4628 
24 627 4830 
39 482 6168 
373 333 7265 
488 820 6002 
808 33 7948 
417 391 5536 
300 257 6199 
446 77 9115 
770 557 3286 
487 725 5306 
467 749 1284 
296 787 6766 
463 512 9450 
727 999 9621 
80 158 653 
380 926 8396 
915 226 6004 
465 671 5081 
932 792 2637 
569 631 8361 
875 97 2461 
158 744 248 
275 207 5111 
77 285 2461 
697 717 2618 
702 96 896 
449 362 2473 
452 826 8495 
532 109 4638 
520 678 3268 
233 904 1716 
693 413 8460 
292 688 6018 
402 116 1654 
862 812 1370 
832 865 9465 
79 313 7826 
551 765 9004 
45 648 8464 
682 520 9493 
302 752 7396 
17 796 9809 
828 88 9848 
845 841 6963 
851 703 7126 
220 886 7343 
37 964 9655 
862 866 2771 
217 910 1771 
33 943 9290 
525 244 6393 
921 613 9188 
81 440 4275 
928 637 9468 
242 487 8170 
719 706 8407 
413 742 4722 
420 956 9587 
190 524 1496 
312 556 7790 
953 433 5386 
345 705 5998 
885 785 789 
159 64 9425 
978 657 9911 
147 727 9969 
905 140 9062 
626 559 1369 
212 100 5893 
59 412 3800 
201 364 8232 
586 61 9288 
583 945 4072 
371 455 1487 
148 433 2143 
410 931 5870 
378 188 6361 
792 813 6919 
160 377 3018 
404 787 2781 
556 987 5497 
787 924 7557 
427 858 853 
498 581 3307 
985 728 7091 
479 137 4022 
700 867 5209 
60 658 5373 
978 817 7749 
348 221 2888 
128 776 2226 
976 914 1150 
532 340 2007 
384 190 5587 
43 526 1314 
133 4 1803 
506 56 669 
66 115 3326 
439 445 1142 
539 792 2714 
426 271 1841 
4 247 3107 
153 130 9446 
511 866 3987 
98 908 5512 
763 392 8868 
565 250 9923 
585 315 1389 
910 753 3833 
404 644 6624 
117 421 5247 
310 424 2493 
416 576 8622 
213 87 4487 
200 536 9746 
63 298 1490 
282 215 3739 
556 799 8053 
945 61 6158 
777 464 5801 
753 932 6221 
999 241 9645 
491 8 3572 
464 221 10 
303 772 4545 
48 186 1195 
537 468 1761 
275 23 6911 
680 967 9971 
837 96 4786 
637 848 7718 
209 846 3310 
853 336 8318 
777 151 4890 
786 453 661 
683 501 3846 
229 389 9665 
989 16 8040 
251 695 4006 
222 883 453 
359 871 1300 
76 79 8145 
386 284 9832 
55 412 4983 
944 197 787 
956 231 639 
153 459 6028 
818 799 3395 
857 402 8089 
214 623 5323 
667 981 8193 
318 409 5623 
463 146 906 
646 552 317 
980 495 3866 
767 802 2448 
405 954 7259 
784 771 57 
178 979 6810 
618 545 8432 
940 563 8765 
484 880 5525 
107 694 2022 
364 692 6573 
681 671 4067 
898 789 7868 
345 546 8173 
603 329 1944 
12 859 6274 
821 476 5170 
605 768 2732 
721 251 2964 
597 357 4009 
618 721 5700 
190 753 5723 
256 2 4863 
475 346 3760 
647 301 2089 
942 664 2299 
568 484 9774 
737 440 8893 
821 160 5144 
136 108 6852 
144 725 8572 
196 914 9676 
270 521 7677 
484 995 5023 
244 994 1675 
684 287 1338 
982 854 7173 
107 943 7613 
1000 763 4124 
143 898 2232 
994 393 3956 
918 588 5870 
593 209 8390 
270 693 5737 
644 936 6082 
670 619 1368 
7 600 574 
179 58 2516 
143 57 2630 
267 199 7527 
850 545 271 
805 462 3859 
26 406 9419 
768 27 9111 
856 670 3046 
289 691 6016 
656 697 3967 
581 228 3025 
448 370 8433 
77 988 2632 
955 837 1528 
226 994 7341 
436 19 9746 
854 138 2773 
317 993 7794 
714 281 6485 
730 289 6533 
48 869 8760 
72 317 3482 
505 745 8469 
488 700 2306 
367 925 5299 
707 712 3317 
804 565 3807 
928 233 9799 
74 947 6432 
910 676 5072 
442 723 6292 
554 147 8960 
35 3 5705 
503 842 6756 
808 208 9680 
458 266 3743 
127 69 5659 
933 349 892 
83 422 8838 
866 331 5513 
937 124 7587 
229 677 8085 
540 63 5439 
244 566 2280 
999 725 2839 
30 183 4456 
772 309 525 
431 241 9225 
674 323 5646 
511 189 5328 
375 477 8451 
313 705 6480 
398 245 6542 
836 840 7107 
468 191 6832 
306 220 7366 
762 344 5674 
638 126 8266 
214 799 8588 
859 309 2128 
186 35 7605 
988 347 7661 
467 744 1257 
9 932 449 
467 751 5639 
650 408 9210 
15 521 8553 
688 158 2030 
953 723 7828 
893 581 7488 
372 118 2874 
328 458 5221 
341 924 5316 
949 284 8599 
397 751 7349 
387 752 757 
597 767 3277 
501 806 1787 
531 759 5509 
710 3 6442 
550 374 3559 
423 54 4368 
995 394 6292 
311 342 4927 
909 91 1029 
610 477 7781 
366 425 2547 
642 926 7352 
428 808 462 
289 517 464 
730 418 2190 
640 193 3243 
8 187 3988 
651 849 9329 
577 110 2419 
606 719 5248 
386 436 672 
284 77 3597 
987 857 2404 
449 497 1273 
264 226 4042 
805 865 7234 
399 872 2421 
386 522 7621 
67 451 8730 
837 56 5800 
84 793 3235 
756 428 664 
704 414 9872 
460 214 6368 
84 830 6593 
125 634 6809 
711 33 5033 
483 418 3906 
103 484 8356 
185 321 5763 
984 756 3907 
571 863 5334 
586 919 100 
457 730 2313 
824 813 5142 
768 289 776 
576 999 5160 
960 481 5929 
866 936 8765 
573 120 2437 
688 455 2192 
594 377 5055 
928 962 7325 
27 418 5054 
691 593 2218 
833 360 6506 
960 288 7857 
471 247 8689 
399 464 6624 
163 37 6743 
599 724 7550 
143 669 5926 
549 596 5240 
873 974 2657 
278 17 7250 
495 201 1961 
352 160 7248 
208 982 847 
897 380 310 
520 895 6698 
615 845 5773 
516 339 1442 
441 887 9037 
680 111 1363 
689 388 731 
290 882 5931 
250 586 442 
850 793 9423 
48 41 5154 
357 561 48 
407 527 9245 
179 42 8583 
620 834 5822 
9 866 1932 
723 554 8320 
453 843 3553 
383 444 4138 
824 645 4283 
598 692 6323 
751 401 3235 
151 807 1761 
395 985 5802 
329 605 3988 
150 965 8853 
82 687 9406 
753 139 5600 
657 521 9395 
147 696 8040 
429 293 5083 
751 395 4483 
986 897 5641 
98 643 1626 
900 972 6582 
887 473 9546 
739 554 8232 
496 658 9722 
447 315 7242 
841 813 289 
232 241 1933 
667 991 7327 
149 328 5576 
790 426 3218 
767 677 5189 
700 915 3662 
245 5 567 
828 500 577 
549 946 7243 
142 138 1055 
782 722 6295 
714 388 5637 
392 536 2317 
967 677 8094 
185 795 8770 
725 846 4684 
738 442 1040 
657 269 4539 
585 169 9836 
827 662 6325 
233 443 2046 
879 156 8433 
515 900 6321 
183 866 1349 
276 402 1496 
397 479 3341 
432 216 2783 
471 224 8051 
361 808 1572 
548 986 4233 
873 218 2676 
918 96 5183 
703 963 9082 
23 145 6300 
723 773 53 
218 169 5531 
559 953 9099 
341 423 7674 
743 136 5482 
314 683 2467 
899 555 9685 
926 825 6132 
108 527 1094 
542 901 3239 
193 623 3363 
245 841 3883 
128 399 5835 
578 91 6610 
251 833 745 
84 499 4427 
903 397 334 
939 322 510 
70 781 3388 
164 674 5288 
754 866 3910 
468 463 7102 
350 590 1852 
185 519 942 
146 121 5127 
890 205 5977 
668 459 1373 
353 397 3046 
862 818 6178 
249 333 9852 
888 438 3069 
150 905 9531 
251 255 7472 
455 791 5990 
748 936 9111 
874 177 8667 
850 196 3477 
574 549 6873 
971 762 4042 
501 11 3375 
704 250 7164 
772 399 6069 
303 2 6675 
774 456 4817 
116 203 7104 
226 429 632 
244 630 9827 
720 556 1375 
944 878 2137 
985 378 5499 
711 81 6748 
227 853 2499 
647 507 3500 
673 632 7955 
489 747 9509 
944 324 6937 
575 567 8919 
753 638 474 
128 581 7351 
616 918 2081 
466 980 4513 
565 206 7717 
63 852 1223 
562 524 8855 
868 364 2953 
377 307 6277 
665 233 195 
583 986 1833 
408 465 4413 
111 432 4682 
191 249 9662 
55 813 9219 
772 228 3071 
346 141 6946 
552 9 5662 
505 385 6320 
781 401 9553 
327 984 7890 
159 743 2706 
924 853 2489 
605 395 2737 
618 450 2901 
837 221 9128 
259 918 1269 
556 470 3629 
217 974 3013 
537 106 1765 
441 432 9748 
682 591 6491 
387 866 5695 
875 470 3090 
963 88 9539 
863 924 9111 
343 534 3028 
963 89 6497 
591 306 8822 
955 194 6279 
719 634 2711 
819 315 2653 
661 53 518 
355 927 987 
444 889 6426 
334 103 9701 
444 445 234 
824 759 7675 
672 349 1332 
494 655 7525 
772 726 2158 
834 544 5824 
486 204 4876 
355 910 8154 
694 354 8394 
119 687 4848 
172 483 6645 
757 658 1403 
431 329 9104 
762 174 2758 
638 298 6835 
147 131 8378 
970 969 2933 
197 323 9843 
702 368 2196 
447 839 2234 
295 10 9068 
939 118 5725 
341 549 1406 
796 662 8579 
906 300 9876 
740 446 4359 
118 768 4679 
402 316 5001 
244 18 1721 
791 464 8559 
377 758 7920 
444 48 37 
521 741 8937 
926 536 9599 
504 441 2250 
732 181 2695 
90 650 5814 
768 403 130 
120 647 147 
192 789 6962 
750 517 9072 
669 313 3119 
58 833 3211 
994 110 5747 
944 613 2539 
193 696 4071 
240 137 8720 
53 256 8475 
182 728 4121 
680 919 3261 
642 21 1778 
65 41 5090 
183 98 5274 
394 92 7383 
492 35 6347 
30 580 8395 
101 819 1531 
172 871 3139 
646 405 1866 
118 84 5784 
731 77 6156 
508 141 8197 
949 676 8294 
574 421 1737 
308 912 8124 
654 293 9703 
48 393 5521 
931 917 7743 
69 914 147 
286 32 5583 
421 114 1011 
577 621 9152 
773 921 2179 
66 846 599 
155 153 2862 
278 158 5154 
980 558 1547 
852 488 9815 
594 908 5728 
93 193 6111 
27 613 4224 
37 189 8196 
540 313 9468 
718 731 3313 
668 885 9817 
529 162 8975 
683 493 5532 
581 344 7371 
747 937 1278 
474 381 5470 
937 407 8434 
160 796 3623 
708 687 1935 
175 405 1665 
840 424 901 
656 953 5062 
982 987 6554 
513 567 7249 
883 313 2186 
160 138 6918 
981 426 677 
415 586 4472 
389 645 158 
675 819 9914 
692 10 4338 
592 18 2642 
6 999 9980 
559 512 7898 
808 746 2562 
345 906 9699 
614 238 8125 
290 652 2062 
761 392 9706 
271 67 6876 
184 110 3238 
873 701 2255 
866 706 9253 
845 617 6116 
742 776 3862 
303 120 119 
354 733 356 
478 23 9360 
891 135 751 
948 405 9169 
175 941 6278 
412 165 9331 
666 31 7036 
271 875 8652 
386 969 1427 
247 271 3898 
365 624 2983 
73 453 9357 
432 695 7491 
534 642 248 
55 817 1188 
684 580 3704 
14 246 7734 
50 868 5961 
53 253 9929 
832 852 8551 
81 568 1527 
63 640 3331 
419 423 6026 
262 957 2019 
509 11 8187 
48 694 7767 
103 60 9364 
837 109 2231 
149 513 8835 
77 696 6686 
979 777 2254 
505 839 2245 
188 610 9668 
565 871 7976 
583 731 6338 
122 130 7383 
240 232 442 
603 420 8902 
185 568 1415 
19 996 2110 
705 975 1238 
310 831 5429 
554 18 4038 
573 582 7260 
548 165 5342 
885 638 5823 
268 877 6054 
709 479 2826 
611 15 9393 
377 33 8389 
838 737 4715 
76 398 3545 
504 304 4563 
893 876 144 
152 424 8660 
845 308 8297 
667 575 9525 
72 636 5355 
897 598 4369 
642 974 5402 
30 163 1490 
96 238 4888 
640 93 4191 
202 337 9066 
698 488 3841 
357 332 2149 
6 350 4075 
530 422 3710 
885 318 6307 
253 959 9632 
6 340 5795 
496 435 2384 
735 427 4829 
277 980 7165 
342 677 3005 
535 386 7688 
683 391 7038 
109 272 3459 
819 508 6128 
477 761 4439 
461 766 6778 
607 613 565 
990 347 9343 
170 623 1322 
687 317 2999 
691 851 9384 
730 885 5126 
767 993 9749 
577 163 2257 
705 992 7017 
143 452 2134 
272 58 9099 
188 399 6445 
530 921 7420 
204 607 1088 
202 297 1290 
937 26 174 
414 145 4518 
162 721 1681 
418 777 7024 
786 271 7475 
272 895 7884 
370 434 634 
166 316 554 
937 519 1160 
24 72 1808 
313 360 186 
838 773 9682 
356 286 7402 
388 704 8531 
411 841 4801 
237 464 5695 
472 185 8129 
105 703 1444 
11 639 3314 
522 15 385 
330 327 4744 
867 165 7868 
548 872 3153 
301 259 9208 
831 21 3049 
632 257 5864 
678 728 4049 
158 184 6751 
953 194 7741 
266 716 1755 
2 397 6434 
745 263 1950 
612 810 2821 
765 110 3431 
324 293 4451 
372 276 9707 
588 953 9786 
636 463 8969 
738 767 4163 
478 33 2878 
585 34 9626 
18 131 1888 
967 94 2049 
139 858 7510 
569 182 6802 
19 905 1077 
77 844 2382 
862 831 8844 
830 568 962 
344 398 2994 
573 982 4380 
198 351 9862 
437 669 955 
485 807 7165 
995 727 7698 
796 745 5602 
225 173 5798 
606 34 9628 
801 215 196 
762 559 7945 
108 483 8278 
839 681 7628 
700 469 648 
654 954 7454 
818 948 4180 
515 95 5276 
469 671 448 
266 276 5833 
245 428 4047 
792 542 1957 
736 649 8792 
365 839 7824 
344 538 7292 
991 191 9245 
796 361 7544 
975 227 8991 
602 695 4661 
401 312 3289 
233 557 68 
632 348 9609 
940 436 7609 
731 800 8447 
906 144 1984 
198 134 5527 
794 930 6239 
338 256 5465 
680 210 1512 
340 610 175 
980 195 4731 
48 178 4431 
656 117 866 
617 200 5017 
63 105 8160 
399 654 3646 
925 448 2575 
515 785 8182 
979 816 5743 
842 155 5705 
17 487 3899 
747 534 7076 
529 541 3544 
746 157 5743 
763 572 4200 
922 970 9853 
567 894 8300 
493 408 3436 
27 738 4251 
769 580 1758 
473 596 9244 
723 694 3129 
150 575 6669 
694 320 178 
788 82 5749 
987 4 1718 
192 922 9963 
843 767 6722 
279 145 3811 
881 913 2742 
990 738 7337 
233 812 1383 
713 962 2957 
734 7 9276 
911 794 1710 
11 133 2065 
80 324 3986 
394 166 9104 
467 796 9248 
277 677 6513 
19 666 250 
707 251 3413 
441 315 374 
397 48 7380 
25 310 6526 
734 320 5658 
798 751 7333 
135 144 9850 
239 610 6646 
838 239 4674 
350 257 5691 
951 315 5293 
364 756 6608 
737 152 9007 
469 528 6317 
994 613 636 
651 762 6387 
335 897 9882 
184 487 1492 
181 324 7730 
206 674 1338 
249 624 9652 
893 339 407 
852 76 2911 
859 544 6438 
175 537 5403 
162 539 9164 
900 873 8060 
782 408 3898 
625 589 3222 
706 146 5247 
43 394 222 
46 287 1561 
453 138 5988 
715 996 883 
504 522 6419 
906 684 7309 
70 583 8181 
481 716 1588 
379 692 528 
952 397 9674 
550 791 1067 
771 837 2705 
683 641 1195 
670 355 9190 
552 210 2064 
322 116 7747 
630 537 1681 
162 17 3749 
102 747 5440 
981 698 837 
654 247 7627 
73 370 1815 
129 52 7455 
323 74 161 
513 625 2723 
576 299 7838 
674 280 3726 
706 442 2094 
454 895 6841 
894 875 3890 
82 881 8489 
60 953 858 
875 81 5261 
681 404 1334 
194 268 6311 
916 195 2961 
753 220 2240 
830 925 8681 
923 731 6575 
763 624 2802 
5 57 682 
493 116 3986 
350 342 9066 
962 23 9821 
648 216 5440 
958 131 7986 
918 235 5205 
509 416 1482 
190 338 4212 
116 453 5187 
917 457 5243 
950 949 4710 
935 650 5404 
353 611 8426 
173 610 2993 
965 919 5475 
302 836 61 
859 697 476 
340 886 8813 
903 353 8265 
441 622 9073 
35 571 7021 
744 506 2022 
147 210 2985 
924 382 7594 
268 698 8513 
742 1000 8700 
154 858 396 
629 549 8633 
794 803 9986 
58 243 9959 
483 277 6529 
503 372 6386 
877 871 8595 
861 794 9329 
454 414 378 
318 155 9729 
18 661 2586 
413 289 9486 
46 82 8288 
383 492 6882 
341 974 4158 
221 828 3882 
959 704 8752 
905 564 9897 
585 370 310 
963 687 1817 
691 704 4477 
629 469 8765 
466 866 6199 
106 248 8690 
987 940 1663 
145 512 8490 
378 470 1194 
129 375 9109 
25 959 3478 
687 273 9165 
503 964 4868 
979 944 7336 
95 409 1553 
645 514 4800 
334 501 6091 
348 997 5603 
190 374 6072 
735 854 8798 
843 878 3109 
321 916 9381 
837 418 7344 
56 748 8639 
744 195 48 
296 839 8913 
96 173 5765 
538 872 4761 
140 61 2486 
564 795 1339 
361 990 7569 
821 662 7836 
202 498 1254 
897 553 1353 
536 296 547 
935 592 1386 
847 39 8910 
612 576 1133 
724 68 194 
210 631 6340 
900 343 8681 
820 164 4342 
656 365 5191 
261 613 9744 
613 148 4391 
512 82 4334 
249 281 724 
510 892 3300 
642 615 6719 
187 176 4349 
527 428 4043 
207 599 6206 
901 606 2922 
91 866 1535 
186 831 7034 
577 342 3116 
262 590 1396 
986 99 7639 
637 92 253 
355 279 781 
55 805 4208 
449 363 7158 
655 263 4764 
928 354 4629 
814 539 811 
848 467 1152 
315 81 6093 
62 66 4543 
700 54 7635 
304 408 1913 
84 814 69 
643 262 4431 
801 268 2046 
916 548 5399 
544 361 3289 
355 208 108 
858 874 188 
951 935 605 
845 634 4658 
479 290 5417 
391 725 3582 
811 368 6843 
242 520 463 
287 435 1010 
37 330 6370 
677 36 9930 
136 246 1155 
675 196 5090 
279 392 2075 
288 871 2364 
56 613 3089 
637 424 4808 
832 665 4679 
294 303 7465 
655 691 7794 
376 719 9182 
657 855 6427 
812 881 1974 
253 512 365 
327 799 5587 
43 207 3200 
483 843 9623 
642 26 5639 
320 671 3293 
784 325 7983 
929 701 2053 
462 357 9259 
888 520 6140 
213 772 9651 
930 99 801 
516 493 5007 
715 975 2202 
689 616 9227 
327 287 2898 
971 422 4222 
305 350 2274 
358 812 631 
616 51 3150 
755 616 4922 
405 545 4372 
206 60 3864 
564 127 9190 
765 815 5157 
992 494 6443 
889 464 6864 
462 769 565 
736 126 6728 
718 93 8131 
867 200 6746 
140 604 9290 
863 161 7701 
78 77 5179 
267 841 4994 
775 832 1839 
569 72 6302 
432 886 5422 
349 621 8547 
428 338 3992 
558 556 5191 
303 48 8146 
944 910 3659 
997 988 6735 
175 606 9575 
520 381 7759 
358 949 4182 
660 733 3067 
81 433 3039 
980 860 8376 
323 418 1284 
513 72 331 
658 368 6240 
316 364 5579 
402 890 1185 
329 410 917 
439 119 1217 
620 130 8949 
39 211 3733 
77 542 9593 
453 864 7362 
88 728 7433 
418 385 8152 
9 53 867 
588 454 757 
124 134 5518 
392 572 636 
608 192 8766 
909 230 5328 
641 658 5221 
233 462 2436 
163 379 7966 
547 882 7327 
951 749 2266 
757 505 8389 
890 374 8132 
462 361 2739 
5 126 8999 
586 805 2640 
243 377 2224 
705 812 9170 
253 974 9900 
571 873 8781 
897 823 8529 
162 579 5385 
902 821 7758 
33 282 7119 
123 638 1596 
122 223 7753 
113 817 9129 
336 873 2941 
857 126 5266 
108 48 138 
889 296 4961 
769 809 891 
506 710 6063 
615 94 9696 
85 568 5333 
681 689 3907 
785 801 7724 
265 489 596 
205 697 73 
823 805 472 
960 45 2767 
272 165 1927 
515 670 9988 
577 285 5081 
273 369 9001 
605 401 1689 
864 537 4842 
587 802 682 
534 358 8378 
607 180 534 
430 140 9578 
197 763 6743 
475 277 3764 
463 854 8400 
895 478 4121 
895 82 8873 
936 297 410 
777 883 563 
810 417 5920 
539 375 8100 
73 804 3591 
2 352 7353 
96 827 2982 
860 641 187 
611 535 8664 
731 430 97 
604 365 8394 
365 493 1276 
927 654 2044 
846 192 770 
297 264 7926 
239 618 6277 
592 713 455 
925 924 4095 
111 535 4982 
774 617 9411 
870 572 8127 
263 936 5971 
891 862 3624 
286 60 5815 
56 356 9431 
981 595 400 
609 538 9112 
416 462 8388 
862 924 274 
843 697 8890 
605 918 9462 
731 181 8749 
701 423 4611 
676 708 5670 
491 763 6377 
273 743 323 
672 704 1212 
135 119 2025 
874 980 2948 
147 823 2644 
389 427 7562 
850 510 6094 
598 562 9516 
560 238 6223 
581 80 3338 
958 704 2432 
632 727 6135 
844 861 7605 
868 735 4585 
816 233 4759 
811 621 7537 
724 470 7398 
169 420 3960 
36 331 3549 
611 912 1980 
948 221 8683 
379 852 6761 
866 47 8973 
470 915 3707 
406 82 292 
164 892 4912 
53 968 9734 
450 136 3505 
761 172 835 
309 782 3746 
640 729 1318 
674 459 7522 
434 676 3568 
407 498 7834 
465 903 6915 
756 419 6159 
668 471 3126 
401 272 6613 
257 33 9784 
91 693 7917 
189 333 7997 
506 6 8808 
379 792 6483 
947 198 4980 
132 662 5235 
399 770 5653 
557 789 6475 
34 189 8746 
646 445 2778 
782 887 8471 
50 75 4155 
47 933 2160 
854 311 8303 
688 609 2500 
20 741 7514 
254 139 3635 
258 47 9423 
732 432 963 
477 429 1759 
255 562 2645 
77 612 72 
231 658 9004 
742 863 9666 
45 902 9275 
896 921 8367 
761 174 3857 
395 431 8255 
817 514 4686 
779 991 6114 
537 597 8676 
182 25 287 
253 607 5296 
608 348 2510 
273 744 4763 
899 640 684 
617 400 8209 
825 147 2992 
79 963 1505 
764 742 8847 
230 278 1443 
257 811 6819 
895 415 6425 
542 22 5125 
51 647 4868 
813 545 859 
848 514 611 
57 338 7757 
400 417 1719 
904 532 9812 
103 761 7442 
897 369 7252 
716 263 2019 
140 804 8040 
264 206 4038 
484 19 6583 
342 218 9448 
304 626 3785 
60 25 4201 
131 281 8085 
942 383 5197 
735 279 566 
987 346 828 
357 838 7632 
748 453 9837 
786 936 2207 
720 630 1777 
167 933 402 
951 345 7427 
504 475 7059 
588 768 5441 
784 503 3071 
349 841 6769 
529 197 6606 
160 944 4058 
348 81 346 
907 800 9975 
35 966 6259 
436 917 603 
862 420 7429 
920 7 197 
712 142 9051 
135 491 1243 
903 371 8791 
508 530 6086 
917 229 7167 
262 487 4966 
588 521 8932 
847 309 9200 
449 522 9971 
878 794 9329 
426 505 2470 
828 991 6312 
70 893 1682 
860 752 2563 
297 21 5144 
463 282 7982 
781 870 2855 
64 68 163 
263 516 3684 
585 745 477 
913 522 2334 
734 349 2324 
46 770 3569 
79 629 6320 
994 926 3692 
137 740 6974 
470 520 5195 
324 583 4614 
486 197 9481 
170 133 7226 
998 45 7099 
331 779 5448 
7 176 6217 
575 606 8198 
246 599 7475 
938 87 1214 
263 557 7086 
809 880 4020 
422 718 7569 
902 239 7701 
479 236 98 
578 919 7228 
377 925 5403 
593 851 5360 
142 448 3311 
616 385 4397 
182 999 2953 
619 807 8185 
638 580 3902 
558 834 140 
259 312 3727 
356 241 645 
935 617 5921 
337 562 3123 
48 703 8571 
358 671 5955 
107 852 1306 
411 822 7112 
595 811 7044 
848 369 7877 
540 66 5686 
781 62 7620 
749 335 1308 
310 457 6707 
365 27 9065 
35 334 2171 
238 991 4581 
59 454 1528 
869 497 2375 
589 725 6066 
919 265 3483 
604 397 1544 
575 145 8230 
234 455 1687 
941 819 65 
5 205 750 
527 442 2740 
459 852 8194 
986 72 7042 
713 661 3767 
778 579 31 
260 535 5427 
155 461 2923 
385 695 2377 
423 635 9547 
487 991 9103 
589 517 8544 
680 975 3395 
873 961 9467 
915 25 9479 
33 802 4409 
63 413 6295 
841 567 2756 
763 303 7802 
492 725 5436 
390 564 7426 
493 152 2294 
388 183 8268 
135 56 9580 
953 322 8604 
431 354 7757 
191 768 521 
838 608 8440 
593 722 9742 
394 213 2467 
181 955 9382 
958 447 4885 
251 834 8067 
518 968 3474 
450 272 1795 
405 702 9500 
514 245 6619 
34 82 8578 
473 26 8300 
215 771 864 
33 951 5818 
766 260 8616 
650 510 7802 
716 379 3121 
190 828 393 
336 585 5446 
188 98 2690 
158 131 1123 
736 956 7148 
35 522 4918 
250 906 6220 
420 671 8479 
35 320 3988 
836 387 3719 
957 928 4546 
701 616 4130 
146 803 6579 
188 960 9710 
310 47 4665 
458 81 7538 
727 683 4443 
947 102 1113 
777 136 2432 
117 324 9170 
835 632 2098 
732 332 5713 
214 477 5867 
792 16 9178 
853 326 4225 
869 783 5657 
406 861 691 
848 159 8792 
960 936 1280 
743 52 9603 
913 238 3234 
362 321 8917 
426 534 5745 
292 678 2761 
821 882 1086 
220 406 8156 
80 96 6356 
239 888 5667 
526 167 3762 
929 121 1026 
166 354 387 
486 622 1812 
372 366 5455 
401 126 8275 
282 563 1672 
384 782 7077 
892 214 3172 
247 804 4411 
265 329 6929 
26 257 9049 
51 422 754 
437 259 1375 
600 982 7741 
54 734 3218 
681 368 9781 
352 751 6914 
780 642 1127 
303 240 3930 
66 505 1258 
994 530 2866 
43 581 639 
796 369 1250 
171 969 7583 
263 374 5317 
480 54 1684 
260 757 7434 
174 536 3428 
652 191 9667 
582 256 8171 
191 601 2701 
409 643 633 
47 791 6001 
296 313 3321 
879 575 1695 
195 54 5748 
230 314 9857 
15 839 4744 
794 490 9934 
461 423 2541 
983 966 3142 
683 374 7136 
667 420 5278 
668 68 2590 
340 946 3164 
34 492 218 
134 73 9883 
990 87 2721 
733 881 2562 
19 693 6985 
559 675 6302 
52 710 675 
540 376 3446 
817 43 9513 
407 735 6458 
922 768 2301 
139 901 2373 
21 242 460 
93 975 2692 
655 993 2384 
991 903 410 
292 307 3119 
966 198 7495 
411 14 5889 
276 772 1623 
733 694 2743 
386 184 4995 
758 557 8237 
569 1 3563 
612 655 907 
347 997 9161 
757 288 1467 
875 605 7664 
721 368 3030 
610 643 153 
584 727 2198 
326 112 9382 
321 870 4290 
909 438 3290 
471 50 5297 
729 396 7293 
889 152 5581 
356 379 7185 
371 99 5552 
752 60 6546 
905 644 273 
102 969 5384 
835 641 4253 
124 549 43 
766 371 9092 
62 99 2839 
354 988 5343 
934 695 6073 
471 417 6171 
374 169 4231 
920 425 8226 
192 878 8194 
575 713 8187 
180 188 3735 
222 953 1106 
665 14 7556 
503 368 9543 
197 653 1237 
269 123 3006 
440 849 5174 
22 768 6950 
247 311 7827 
792 885 9891 
978 64 1079 
65 285 7383 
522 949 7749 
77 804 3116 
972 1000 8120 
560 269 7243 
565 60 1443 
738 81 8210 
39 679 520 
866 822 3756 
108 152 2172 
186 216 5808 
921 89 109 
669 165 7912 
136 488 7263 
255 48 1531 
849 612 5942 
291 702 8374 
500 740 3404 
371 957 9226 
127 65 377 
298 250 6944 
105 522 32 
213 190 3548 
476 325 7036 
739 580 8083 
621 428 9694 
563 719 3395 
288 570 2487 
692 941 8443 
917 419 7507 
645 716 7109 
588 172 4630 
619 737 4172 
166 212 2496 
553 302 427 
635 923 5207 
681 837 8277 
427 476 4198 
913 167 7138 
356 435 9908 
214 79 1975 
322 666 9147 
952 636 4235 
123 802 2446 
970 706 100 
749 341 2374 
307 373 1562 
583 799 6037 
132 64 9204 
270 419 2990 
529 632 5069 
504 306 5086 
2 257 6722 
236 731 9875 
33 52 1580 
132 152 6272 
505 458 3644 
66 392 3443 
103 524 858 
658 145 5276 
647 673 3259 
67 528 5564 
153 529 3172 
874 764 254 
748 797 9306 
679 928 9809 
951 785 619 
594 202 10 
388 304 4885 
245 313 2381 
872 312 6054 
131 378 581 
46 882 5110 
218 755 225 
823 854 2021 
480 533 3301 
289 483 6437 
907 428 6638 
268 816 9942 
153 412 4606 
533 284 917 
938 766 6647 
871 811 528 
332 380 5635 
556 203 1840 
929 682 4372 
229 322 2206 
17 228 2634 
654 848 1801 
947 1000 564 
553 884 4199 
821 822 5964 
467 44 4127 
347 375 1858 
333 930 9412 
172 210 6094 
896 790 767 
101 806 1347 
86 460 4194 
238 406 4193 
154 958 6428 
352 131 4249 
316 949 7292 
794 295 7018 
651 979 7300 
63 151 6509 
508 398 4299 
626 850 7104 
972 288 7915 
165 525 321 
709 30 1630 
137 382 2760 
737 49 6709 
381 842 355 
398 844 9334 
697 258 1836 
558 117 2233 
856 743 9082 
311 714 1369 
226 879 7246 
546 587 7275 
175 75 2008 
287 812 1056 
347 192 1249 
701 589 8093 
386 638 7350 
573 195 7819 
157 50 7561 
239 712 4274 
959 937 8504 
556 834 4443 
831 361 8517 
838 647 1328 
246 993 6519 
494 45 7460 
586 783 5097 
288 355 2291 
106 512 9692 
666 102 4403 
291 60 692 
795 616 2525 
589 798 7885 
105 987 5883 
433 232 6875 
303 726 272 
762 663 9054 
210 950 7760 
852 407 8623 
895 424 724 
298 67 8136 
341 213 8103 
865 801 4252 
102 905 2238 
984 689 5822 
211 992 3547 
482 105 2561 
887 667 3863 
646 518 5269 
269 413 7045 
344 62 7111 
831 754 323 
933 618 1123 
536 71 4379 
774 55 5068 
595 265 2411 
493 98 3867 
53 984 4533 
915 981 9403 
536 249 8167 
580 945 5228 
690 775 3981 
12 60 6950 
486 595 2021 
864 720 1427 
931 314 2043 
693 158 4140 
560 563 3123 
444 477 3103 
846 12 2704 
12 943 2648 
591 632 3774 
923 995 7833 
225 832 1780 
597 696 1499 
23 978 9165 
65 671 8322 
204 582 4236 
678 25 1713 
132 871 5076 
835 234 5019 
834 177 5002 
608 99 5349 
792 675 7180 
923 271 1227 
422 645 6205 
938 61 7227 
611 264 1808 
847 293 7184 
559 425 6406 
986 611 7640 
4 445 5168 
358 404 6618 
706 547 5293 
885 470 5915 
464 891 3560 
668 828 6620 
246 438 9236 
405 284 4528 
588 194 8304 
994 180 6915 
985 535 5711 
152 892 2114 
769 597 6660 
413 834 1129 
328 297 3371 
239 316 6198 
858 561 6988 
445 317 3623 
325 904 7817 
628 249 7348 
894 585 882 
604 88 9774 
717 209 5722 
729 621 5907 
857 300 1555 
580 538 8870 
129 748 7782 
116 192 98 
91 516 9354 
259 496 1954 
606 389 5539 
839 993 1626 
964 61 6834 
686 789 2807 
944 998 9106 
499 577 1996 
720 705 1743 
502 173 3934 
951 263 9450 
656 873 9297 
962 478 7685 
500 316 3029 
477 280 1090 
663 317 1230 
469 612 8227 
926 110 8155 
921 182 7212 
663 35 2384 
949 985 9998 
750 993 7870 
46 954 9699 
730 805 14 
759 281 7645 
200 295 8313 
429 115 7925 
8 41 4386 
162 313 6567 
373 328 8601 
108 276 6938 
105 25 7282 
326 70 5235 
24 799 5391 
390 909 3023 
386 108 1318 
51 537 9432 
327 544 2824 
64 57 7137 
631 430 464 
583 889 3091 
872 346 8115 
153 671 7536 
739 47 2686 
481 788 6595 
504 173 3054 
821 575 590 
604 901 6485 
428 965 8894 
916 947 8675 
731 881 4563 
821 105 2908 
935 257 7931 
470 348 2977 
155 180 7116 
101 683 1640 
155 855 1215 
96 459 6467 
933 886 1783 
826 153 3729 
500 883 9962 
414 703 1066 
322 989 674 
604 810 373 
580 316 5553 
47 417 9235 
686 923 9090 
900 370 900 
367 302 1137 
501 479 3289 
230 330 4171 
543 744 3225 
608 417 8565 
281 20 1374 
654 951 7041 
206 997 5809 
792 682 731 
233 934 5101 
132 652 1754 
268 152 3233 
908 733 4562 
430 275 6657 
654 882 6073 
218 515 3444 
943 520 5394 
984 77 1742 
792 868 7776 
875 101 1061 
975 584 1712 
80 204 4215 
664 111 2300 
578 893 9574 
234 898 9808 
659 116 7322 
102 410 5193 
848 393 6269 
941 537 6136 
716 411 6588 
776 737 8524 
839 816 6727 
406 832 7189 
705 409 4081 
278 642 3331 
437 652 4446 
110 106 4207 
302 953 6952 
570 245 8488 
58 961 2250 
997 88 3338 
520 279 3505 
598 684 2336 
139 388 744 
571 17 5386 
901 806 1389 
698 915 9494 
905 217 1446 
856 138 1691 
695 547 8003 
296 544 1442 
633 415 3720 
137 13 1755 
473 151 1494 
216 73 8863 
953 974 3668 
342 671 9582 
835 927 8150 
633 134 5640 
675 828 8186 
29 475 8729 
822 107 8496 
894 244 1508 
648 68 4010 
494 635 82 
356 940 9407 
375 281 6430 
956 467 5356 
458 451 9490 
97 477 3669 
282 857 144 
363 679 8602 
858 572 6197 
717 571 5264 
726 416 9251 
159 771 7190 
918 145 6822 
347 453 7640 
702 910 1091 
543 358 7919 
212 639 6128 
707 353 806 
308 562 4729 
505 278 9651 
120 355 7067 
370 866 2189 
559 783 8686 
380 129 6138 
20 830 5399 
462 373 5756 
732 936 1746 
859 994 8451 
16 301 8012 
96 157 8290 
747 629 9644 
165 350 4861 
353 909 643 
38 640 9771 
527 11 3953 
925 824 2677 
32 908 9612 
778 766 7605 
228 134 5257 
591 229 8766 
880 327 9746 
876 491 1095 
736 196 6355 
731 233 5995 
501 112 357 
805 388 533 
481 420 4440 
444 549 4557 
690 9 6718 
271 774 1598 
597 519 8825 
88 965 912 
283 320 3642 
867 666 2495 
330 22 5299 
718 906 780 
137 345 8575 
685 254 327 
164 943 7335 
881 213 9460 
830 162 1330 
654 249 4294 
566 883 3613 
559 101 5278 
53 431 3652 
352 148 8909 
483 636 8606 
409 672 2859 
735 835 8801 
69 715 4366 
880 545 2527 
209 550 127 
855 467 7361 
467 26 2813 
97 78 3243 
100 781 742 
8 263 377 
613 672 48 
471 758 9882 
624 827 2949 
341 58 845 
219 267 2394 
697 121 1213 
409 939 8238 
221 387 8667 
464 486 1448 
205 846 62 
934 810 3085 
981 633 843 
215 608 7021 
163 300 1078 
7 870 696 
752 566 168 
964 326 3107 
553 546 3845 
572 361 3331 
19 918 9528 
432 851 4689 
869 183 5321 
63 397 2928 
83 559 4579 
512 917 6448 
560 21 5013 
727 336 338 
833 241 5236 
678 812 6596 
360 182 1513 
239 613 6715 
927 481 5898 
600 543 5294 
527 977 4205 
458 841 3473 
905 400 5493 
270 126 4181 
607 311 1421 
194 340 2232 
790 51 4413 
654 289 4377 
369 567 5210 
266 166 4104 
911 45 4433 
115 502 7273 
940 406 6024 
432 675 8149 
964 634 5811 
384 827 150 
967 968 3552 
731 974 9192 
460 342 1759 
669 959 2924 
124 869 8320 
908 336 9821 
180 275 6579 
555 706 3605 
704 22 7590 
866 405 3769 
368 724 8736 
919 454 6709 
111 913 4402 
869 933 1360 
144 409 9229 
816 316 4916 
636 848 9190 
566 402 247 
171 457 2268 
112 323 3025 
880 690 4748 
968 960 8201 
28 70 466 
430 290 6750 
141 786 1158 
721 601 4474 
636 588 321 
825 154 4722 
72 676 2179 
339 139 4853 
363 19 6542 
462 986 3501 
663 365 4923 
480 794 6212 
229 935 9349 
387 7 9949 
860 643 6889 
532 467 394 
253 890 421 
783 581 4559 
635 295 6577 
528 757 7914 
381 771 5279 
303 250 9424 
866 830 1710 
567 216 7717 
515 427 2359 
403 310 1177 
796 915 4419 
216 697 7999 
775 684 1293 
703 563 5401 
969 943 2171 
599 597 4772 
22 815 3602 
732 381 6169 
800 895 6948 
257 38 9797 
171 456 13 
220 454 1139 
903 99 5193 
465 851 3513 
760 22 7111 
356 793 133 
170 746 1216 
550 915 15 
797 862 3876 
798 470 8913 
594 641 8369 
958 212 2174 
448 114 3624 
641 930 475 
153 689 9496 
616 397 9640 
748 918 9738 
315 820 9652 
681 616 2865 
556 765 2334 
468 358 3326 
188 316 6537 
362 763 2002 
337 755 9284 
811 260 7324 
658 227 5720 
650 974 3638 
387 640 2809 
390 320 4776 
254 227 9540 
939 694 6897 
617 234 9564 
153 595 8679 
507 283 5785 
790 94 8044 
113 751 1622 
833 400 7595 
822 138 2586 
630 527 3905 
405 780 8131 
944 71 4177 
192 687 410 
756 191 5356 
434 697 2638 
218 486 9083 
614 599 7834 
235 783 7585 
182 604 8075 
767 585 2601 
24 341 6733 
506 636 2803 
682 827 489 
443 934 2679 
798 367 1376 
788 937 2213 
870 550 9811 
703 136 2593 
640 669 548 
714 436 132 
666 811 8824 
398 316 3459 
200 998 3638 
40 792 2571 
71 590 5290 
798 377 1226 
10 246 1127 
821 301 262 
765 292 8931 
313 357 9718 
796 22 6528 
620 420 195 
430 971 8544 
67 11 8336 
990 433 1277 
279 230 3653 
856 591 7250 
982 763 9902 
595 528 5545 
877 840 5901 
594 987 6275 
473 606 694 
668 36 1016 
211 454 5026 
898 443 810 
174 73 7039 
826 928 4982 
428 261 1744 
681 856 6271 
226 732 5462 
478 678 9449 
752 502 7054 
797 169 4441 
813 732 5247 
190 629 2041 
1000 803 114 
390 980 3393 
371 407 6654 
115 440 2861 
737 665 4592 
199 142 621 
999 246 1123 
404 42 2643 
845 854 7374 
443 44 6355 
483 395 8157 
948 784 5488 
341 507 9247 
346 973 5686 
206 61 350 
149 259 1843 
122 609 88 
244 13 8482 
886 209 5335 
612 651 4730 
966 133 7476 
474 433 612 
961 125 5470 
207 822 7442 
892 27 5502 
593 527 5113 
788 648 5721 
227 243 733 
708 129 941 
395 92 7943 
476 57 7428 
952 882 5860 
915 842 9336 
384 401 8157 
825 644 1535 
678 237 4061 
790 376 9061 
863 954 1303 
947 662 9783 
240 408 1874 
182 883 282 
609 186 3163 
820 100 2357 
155 483 757 
311 659 400 
845 337 7988 
258 478 5363 
670 692 5317 
972 639 6330 
107 230 3737 
980 763 4971 
614 724 7509 
776 543 5608 
132 50 7443 
240 712 453 
640 909 3789 
627 166 1619 
342 187 9662 
658 158 8652 
339 264 5881 
427 596 5644 
397 209 5367 
257 336 7261 
865 820 4310 
659 59 7374 
111 50 5282 
252 677 4799 
870 18 4985 
883 27 3494 
535 717 3758 
415 143 6705 
410 891 6265 
776 148 5600 
389 364 9771 
698 374 3182 
71 484 6231 
704 87 6907 
502 308 3276 
486 191 654 
332 725 5370 
89 139 3864 
145 549 1107 
409 676 8254 
360 64 9969 
131 114 7342 
312 536 7177 
542 240 3264 
801 93 9923 
428 931 4113 
82 262 837 
803 702 2328 
19 846 7876 
125 254 1903 
730 965 5319 
698 95 2432 
391 758 3319 
919 300 558 
534 452 8003 
457 879 7933 
569 960 6546 
406 115 1247 
733 133 5092 
960 257 697 
214 986 3661 
532 35 108 
963 425 6865 
282 343 164 
191 877 5967 
545 685 4846 
477 253 157 
22 10 7271 
620 94 2755 
711 405 5011 
759 619 1348 
772 150 5382 
879 465 7158 
743 98 3853 
259 640 5081 
225 185 765 
422 661 5017 
579 35 1379 
201 654 9472 
956 717 9877 
318 475 847 
666 598 4996 
399 476 3812 
909 219 7909 
761 829 549 
193 405 9733 
957 827 9745 
325 405 779 
55 957 6785 
527 912 6501 
755 582 3327 
601 599 925 
948 997 5752 
760 257 8322 
20 17 5150 
568 561 8555 
652 517 9733 
749 194 6137 
879 248 445 
663 126 6357 
515 880 4290 
194 480 2888 
470 780 236 
221 539 3493 
895 910 2861 
44 830 3422 
950 481 2290 
682 581 4483 
170 460 4083 
615 474 4208 
323 989 1088 
612 534 1919 
499 355 8050 
734 575 588 
578 469 2850 
439 865 2679 
860 814 2511 
149 848 2092 
984 17 8551 
66 631 5024 
625 953 4364 
712 564 6249 
983 414 1603 
32 500 2530 
972 77 7350 
821 515 1214 
851 726 5380 
361 227 3227 
804 210 7243 
706 627 4226 
82 251 530 
445 315 446 
46 649 6859 
648 680 6358 
177 3 8787 
527 175 4301 
92 25 5379 
471 738 1605 
49 541 166 
292 247 5144 
869 328 4394 
398 124 8060 
843 169 1708 
54 169 9740 
411 345 9094 
549 223 6269 
850 315 6645 
580 785 6382 
184 834 275 
349 477 6873 
844 697 7552 
237 94 6675 
649 289 3196 
708 342 2364 
447 104 6708 
893 653 6283 
161 854 9597 
157 433 4733 
539 968 4918 
165 668 3746 
37 511 5442 
588 99 6888 
614 747 2176 
809 455 869 
524 253 2972 
232 145 9976 
866 657 9829 
462 814 613 
194 704 7580 
112 868 3599 
857 256 1109 
651 843 7208 
538 456 6306 
713 617 3760 
581 140 8365 
904 723 6509 
880 588 3518 
60 49 3331 
673 595 5034 
604 706 5253 
203 914 4508 
663 564 350 
870 453 2157 
176 165 6773 
287 97 9265 
651 1 9987 
512 232 1575 
29 291 9975 
711 315 3569 
96 271 3626 
700 825 3892 
207 487 9807 
908 709 8260 
416 884 7776 
541 522 2873 
805 525 9225 
791 36 456 
717 416 9098 
44 478 9413 
612 573 8035 
590 272 5859 
481 830 6697 
287 737 1405 
898 152 2640 
674 44 514 
546 848 7038 
122 991 1425 
577 59 840 
26 102 7669 
790 66 593 
824 655 4864 
34 487 4045 
731 125 5781 
487 23 1284 
127 696 3680 
640 593 9527 
29 66 7869 
453 642 3928 
644 667 4029 
312 457 8094 
904 632 6100 
119 666 5586 
163 748 2711 
295 234 5733 
930 712 8780 
609 703 4724 
488 731 2789 
356 535 9782 
283 178 4800 
664 489 3608 
109 744 4240 
209 862 5257 
146 376 7004 
589 940 5952 
653 71 6560 
355 146 9399 
438 286 3755 
972 419 8389 
150 219 3404 
990 178 6513 
734 769 2073 
947 25 3218 
323 380 3426 
344 321 5717 
647 973 3140 
559 327 5285 
957 764 6571 
711 736 3989 
452 237 2559 
855 226 4737 
367 311 3857 
791 610 1882 
9 284 9613 
786 627 933 
502 626 6257 
993 184 8584 
278 140 7699 
200 203 786 
540 654 1374 
99 508 1600 
187 227 7262 
43 17 8223 
276 377 1506 
241 162 2485 
173 16 7110 
430 8 8293 
365 637 5432 
415 836 8634 
201 376 2639 
574 826 8147 
525 364 4373 
0